5.22236485388174
5.08520637589286
4.97070001154952
4.95623987262832
4.88547884934947
4.58621215087597
4.50933838605414
4.4504230969241
4.44245704705448
4.39673007932664
4.37223612005845
4.37202041938465
4.35711591208156
4.33316539166001
4.31511753336503
4.25213057951601
4.22053149342192
4.18245640991679
4.1782794441695
4.16765713362913
4.16027308084605
4.15698605197167
4.12910845027398
4.10181995229972
4.03545578607347
4.00914510035072
4.00708102708289
3.96824249508404
3.95699516267276
3.9321317879337
3.86462876806481
3.85630968796925
3.83209262910647
3.79079133421779
3.73685733730974
3.71764134106867
3.68944257954803
3.67566179106735
3.64699711136772
3.64504546930718
3.63659449274746
3.62786810245117
3.62328642406192
3.6043338565098
3.60297374547391
3.59238388355884
3.56834995230649
3.50429228489084
3.4954392386541
3.48847012211141
3.482477753847
3.47988550681503
3.47302791981601
3.44940123305204
3.44810834404012
3.42377287490664
3.41849520531592
3.39095161261662
3.38425407385736
3.36967085884684
3.36878065475326
3.36477848920146
3.33346764243498
3.3151285507878
3.26401823992535
3.26105676232858
3.23945844188601
3.23514698868828
3.23215234740675
3.21682894348386
3.15980279573863
3.15826851314282
3.15321841305827
3.14334316350618
3.13776434883665
3.13484193340743
3.13058948850038
3.11852067429518
3.11552180694545
3.11220420809185
3.10441851601315
3.10207015986233
3.1020161083365
3.10049480830088
3.09818733304503
3.09628551160163
3.09148774271579
3.08220415781446
3.06109046427827
3.05673540309581
3.0546205166711
3.05346649456618
3.03571138648075
3.0223885488095
3.02009623819753
3.01693300681139
3.00126507651035
2.99165475302355
2.98471970314249
2.95440008693508
2.93524332352181
2.92822279685841
2.92494414516669
2.91919374980946
2.91343909572347
2.91317561084381
2.8991436262753
2.87846142550833
2.86816304887111
2.86783544232187
2.841081088614
2.83151444989576
2.81980972141592
2.8103354887477
2.80482067524482
2.79700484313529
2.773999788705
2.75449094848007
2.7475930085897
2.74384870875303
2.73912592200456
2.73168258122583
2.73053474888021
2.72905077764779
2.72462890510648
2.72437896485883
2.70806085495307
2.68851436385915
2.6771294665791
2.67596166502424
2.66553238235882
2.66055628830207
2.65282342455133
2.63005082765046
2.61364557237286
2.60608823101107
2.58542306190688
2.58101553322412
2.57867544358889
2.57556286720217
2.57528898724673
2.57105398819989
2.56660699341063
2.56571426199139
2.5564015892321
2.54550511740112
2.54351944980807
2.52811249527659
2.52417893528416
2.49884403919237
2.49459058868654
2.48725243044573
2.48239670194674
2.47169913748428
2.46969067839197
2.46853885756834
2.46087988537394
2.4487982901461
2.44259253941171
2.43138777272019
2.42743692542237
2.42510751487238
2.41937899113925
2.41704541406353
2.41309368292421
2.41037214167441
2.40242489047925
2.38686301644555
2.37086858593344
2.36533949747102
2.35120929566496
2.34579245401193
2.33779012795544
2.33272811715393
2.32497076401714
2.32128618876482
2.31478124432687
2.31100711788068
2.30204512800403
2.29376359590361
2.29053444057506
2.27629545545482
2.27370632007943
2.26791791959373
2.25840908022705
2.25651613415723
2.24860785770592
2.23846820002343
2.22724158664626
2.2206574213764
2.21724234631634
2.17932651613434
2.17307406576159
2.17254888271198
2.16603288318468
2.16326122286798
2.15941117754128
2.12324069811689
2.11900651316759
2.11354162807709
2.1122520621362
2.11150757534343
2.10103326686131
2.09976710691778
2.08880078228656
2.08478849578178
2.0748271147508
2.06286880003763
2.06140504189953
2.06061677700372
2.0547344423138
2.03506679767688
2.03091055032763
2.01300785438886
2.00834633492266
1.99832070270803
1.996806993182
1.99226080713333
1.98749225043257
1.97408815973646
1.97334005058279
1.96909942644878
1.96507055802783
1.96300770903256
1.95424689649989
1.94354314963392
1.93736107598294
1.93060953733053
1.92854885703185
1.92674847122862
1.92223924394527
1.92215508973201
1.91435232828619
1.9116878983966
1.90960092202883
1.90241288497358
1.88658793501119
1.87029786107934
1.86588389933446
1.85997129026615
1.85927304727146
1.85829384289986
1.85804267987558
1.85737133994844
1.85572018364936
1.83266037873055
1.83011173055151
1.82455349675248
1.81114570155505
1.80319252480326
1.80253777759445
1.80044128629599
1.79316292244761
1.78019763934006
1.77491918028778
1.77064981827755
1.77050054397824
1.76862152996675
1.76614106176283
1.76510156296377
1.76462597867264
1.7623095264067
1.75284885792073
1.74651724104752
1.74617500226508
1.74098109495931
1.7353864497256
1.71914775268078
1.71196634458981
1.68473628552826
1.67931127621439
1.67915439151133
1.67813740449625
1.66348236302703
1.65587978724502
1.65365414427658
1.65044006268801
1.6432626307883
1.64307071289093
1.64141848208867
1.6314459485507
1.63122477887451
1.60909083859358
1.60100688529328
1.60005799093972
1.59007635110348
1.57528297322695
1.56384886475903
1.56295187963942
1.56060382885782
1.5574125972386
1.55417459713384
1.54981902879875
1.54548590194443
1.54428969742063
1.53400801007218
1.5301025964387
1.52112241455821
1.52109770307117
1.51783714129993
1.51413495794485
1.51083418186198
1.49295405477354
1.49153038073663
1.48335288990007
1.4393401050055
1.43919162232662
1.43914995986365
1.42290213452001
1.42174763555331
1.4202752450973
1.41010879976174
1.40999074179315
1.40985936213354
1.40984095692519
1.40370290620165
1.40212316966997
1.39083204891202
1.38316309440048
1.37826034128266
1.37817631431626
1.37583426443727
1.36762612507442
1.35321092473262
1.33597600028759
1.33498798159655
1.31612571366401
1.31171090142175
1.30840000660998
1.28360144557931
1.28115971095898
1.27915306768375
1.27782376756091
1.27091182973346
1.25967955826073
1.25178004574421
1.24213409211527
1.24063471388892
1.23737929391279
1.21968446086511
1.21926616844119
1.21702546493486
1.20807807563797
1.20155791441344
1.19971239346284
1.19779722671943
1.17688745215626
1.17553681411943
1.16432049615275
1.15792586052526
1.14919703478672
1.14482766085361
1.1134867074538
1.10337399737674
1.09777979080275
1.08787412612133
1.08772154578747
1.07960926683011
1.0655854298866
1.05142384371483
1.0488329732083
1.04380554421491
1.03785452163028
1.02267083922164
1.02191633457347
1.02142369170733
1.01375277210537
1.00333641333341
0.991250717873526
0.984856175817391
0.983491758788689
0.978994362365802
0.965629195079473
0.96323929616786
0.956451970937977
0.940994647414563
0.926380741238345
0.925349890209429
0.917035133382436
0.910467518739478
0.908342269540885
0.88209817387118
0.870344664464648
0.866912315168547
0.865012326759852
0.853689227174086
0.85194147709549
0.851361993421175
0.850276246927574
0.846270079754565
0.836688909897388
0.83211404832892
0.808611523943483
0.802892853210961
0.797356181244906
0.7961697926553
0.787368790017141
0.776317570659447
0.765590399377095
0.759907910729026
0.757733337391543
0.751000341878595
0.749086632777765
0.737512598452416
0.722020798263194
0.718739070212457
0.715389246883185
0.715336935371835
0.69604086959499
0.692504639352328
0.673851095830853
0.671954508436755
0.66804849983686
0.649378349953905
0.642351029709619
0.634600989128404
0.630427057025728
0.630279031346262
0.62110337917589
0.614415397578737
0.605866176204906
0.595690371416579
0.570467193193525
0.544568142265422
0.538493076801347
0.527247469061773
0.523440753995061
0.516525503784926
0.50289507214431
0.48084285900618
0.477031459627349
0.440774111322809
0.434205299619014
0.4192914126846
0.4145004042027
0.41061234151627
0.407803464203657
0.404529125892816
0.395772664338042
0.38856661790645
0.37877150859176
0.373207248771373
0.36438984243398
0.35268955002593
0.348098499318988
0.316962737316599
0.311979534373192
0.309673857867526
0.289267222638872
0.267835006870008
0.267738160449108
0.225076673019747
0.218088808530213
0.209363154459993
0.206082826077147
0.199665134665424
0.186388125154076
0.130250919755735
0.118851651273671
0.108793395773033
0.102073343490925
0.0939562233141462
0.0730754898014325
0.0729926540280452
0.0682372890271639
0.00475388369950469
0.00415361948222337
-0.00985684667317521
-0.0324208981869241
-0.0485284863567506
-0.125201166093385
-0.178120925145859
-0.185885472561228
-0.238088539487136
-0.254074786174684
-0.276443782030741
-0.292952770727558
-0.307568337100503
-0.311680780214363
-0.359757555135515
-0.409804305357598
-0.485362302309777
-0.495508394202613
-0.530725789213646
-0.629670204724925
-0.635283058127043
-0.690626925308968
-0.721279480188242
-0.741667122906066
-0.742919312145511
-0.765502969801097
-0.772977880136862
-0.817760637289179
-0.834671269424556
-0.922722979659792
-1.17153275263838
-1.18691000856237
-1.19299663469871
-1.65410843158915
-1.66059607917568
