399
483,401,22,437,435,279,205,440,122,288,246,403,148,444,88,150,185,153,79,301
0.0669072690498654,1.8027047894774,0.71356218244892
0.863752390499985,0.505055282187573,0.590108558685609
107
26,388,390,140,86,400,339,259,497,85,401,74,433,366,280,192,284,221,382,487,357,318,8,393,293,314,471,272,37,41,427,288,4,377,263,321,111,174,481,100
-0.0553980768920102,1.85298750215437,0.290986900295489
0.888688296623499,0.495684536023465,0.851831847941711
355,213,98,241,324,455,46,339,218,89,254,437,458,123,90,62,263,246,142,261,166,200,156,41,242,388,436,383,288,373,217,21,36,8,18,105,137,245,231,295
-0.0908030225782387,1.12613574741008,0.423398163117689
0.811979663225858,0.631141493892901,0.76982252864651
26,388,390,140,86,400,339,259,497,85,401,74,433,366,280,13,284,221,382,487,357,318,8,393,293,314,471,190,37,41,427,288,4,377,263,321,111,174,481,100
-0.0420349837946012,1.89234091262565,0.284759844060011
0.917640879083368,0.488350587622801,0.855688594204831
207,497,24,266,400,101,462,312,95,371,56,124,111,97,73,122,211,356,335,423,96,453,86,467,273,291,154,32,142,293,44,127,128,274,302,379,419,212,176,30
-0.0496318956477616,1.33961374290978,0.410131445800822
0.901181350195432,0.591357480641633,0.778039310461355
26,200,390,140,86,400,339,259,497,85,401,74,433,366,280,192,284,221,382,487,357,318,8,393,293,314,471,272,37,41,427,288,4,377,263,321,111,174,481,100
-0.0638261678593388,1.78776519771557,0.301253357174631
0.870427928538646,0.507839442284402,0.845473286575503
31,370,455,94,306,156,102,328,344,254,100,439,351,210,486,183,362,62,45,220,463,313,126,107,428,172,10,48,165,457,83,217,302,386,343,273,8,291,360,289
-0.0758132935996532,1.23283775914602,0.395107619785519
0.844456527761639,0.611256380024827,0.787344362905262
269,85,210,284,89,369,55,256,466,392,280,474,217,191,231,157,0,288,202,403,386,96,164,399,426,169,88,151,470,109,296,417,252,206,177,262,454,332,360,65
-0.0758595788255907,1.44155028849596,0.34845527331279
0.844356245827594,0.572360464715489,0.816238635916537
184,435,46,171,213,60,88,417,53,256,355,335,391,160,163,95,294,490,91,264,13,387,166,423,420,18,474,309,114,142,186,307,341,261,203,208,386,337,332,359
0.0474455387532342,1.44554187910363,0.345208448339338
0.905918328214973,0.57161658714039,0.818249566862049
491,85,210,5,136,369,112,256,211,65,41,474,217,191,231,157,83,288,202,110,386,238,164,265,426,169,88,151,470,109,296,417,252,206,108,262,454,332,69,4
-0.0893904495847368,1.40482056062279,0.347579577740863
0.815040154968064,0.579205460505341,0.816781000638638
491,85,210,5,136,369,112,256,211,65,41,474,217,191,231,157,83,288,202,110,386,96,164,399,426,169,88,151,470,109,296,417,252,206,108,262,454,332,69,4
-0.0904925479800815,1.35483239227625,0.35145962456169
0.812652339928723,0.588521315037563,0.814377881811527
457,497,24,65,400,101,462,4,95,371,56,124,111,97,73,122,428,356,335,423,96,373,86,477,273,79,154,32,142,293,44,127,128,274,302,379,419,104,176,30
-0.0560571292926214,1.35160629312987,0.384192791321192
0.887260388516074,0.589122534713104,0.794104495189366
355,213,166,484,324,455,46,339,218,89,254,437,291,123,34,62,263,246,142,282,474,200,371,185,242,388,436,383,288,182,217,21,36,8,18,105,137,457,116,295
-0.0912159762839548,1.09753112506263,0.434172435555013
0.811084954483675,0.636472285349204,0.763149450166226
155,264,285,96,66,374,76,450,169,123,446,467,168,273,84,185,71,68,314,114,303,229,284,47,419,318,34,225,137,105,24,124,256,8,497,469,140,138,166,384
-0.0269951375967726,1.39703763623089,0.466446757275607
0.950226327979986,0.580655895555643,0.743160250617738
355,213,214,484,324,455,46,339,336,89,254,437,291,485,34,328,301,167,142,282,283,200,371,185,242,388,369,383,288,490,32,21,36,8,106,442,428,457,211,295
-0.0406991804183217,1.31140383934042,0.428933028452954
0.920535041169944,0.596614711836789,0.766394492927636
355,213,166,484,324,455,46,339,218,89,254,437,291,123,34,62,263,246,142,282,474,200,371,260,242,388,436,383,288,182,217,21,36,8,18,105,137,457,116,295
-0.0912159762839548,1.14951732662747,0.42266297529539
0.811084954483675,0.626784074969031,0.770277869465529
355,213,214,484,324,455,46,339,336,89,254,437,291,485,34,328,301,167,142,282,283,200,371,185,242,388,369,383,288,490,32,21,36,8,106,191,428,457,211,295
-0.0505558112426945,1.28551764341605,0.424393386867218
0.899179587410928,0.601438894110327,0.76920613378322
273,27,383,480,83,415,481,393,237,288,43,25,355,243,198,204,104,397,375,301,240,308,431,432,433,448,459,294,443,69,358,364,471,196,160,85,207,282,269,285
-0.033716225164954,1.86628854160013,0.310685477937212
0.935664366866694,0.493205738485915,0.839631473826628
125,52,449,317,82,41,182,263,151,85,20,128,24,439,361,103,357,217,143,320,230,232,94,301,12,477,201,191,276,282,63,457,383,160,61,6,433,284,328,286
0.0537254051210609,1.4425678206102,0.351103983211532
0.892312320419764,0.572170836219953,0.814598149365949
370,146,423,451,138,183,20,472,479,191,118,319,106,223,125,391,278,86,72,422,348,275,473,337,274,477,496,289,374,320,63,219,246,182,200,425,90,297,366,271
-0.0194959956814957,2.02837357351368,0.366239622765718
0.966474027752609,0.462999379079238,0.805223844865862
172,70,4,88,38,460,225,163,48,265,224,118,136,333,418,73,64,452,335,34,59,144,447,29,124,466,159,293,301,249,189,449,347,55,383,321,45,31,348,281
-0.0450173684149372,1.30846604689485,0.485658281367386
0.911179221141012,0.597162202332521,0.731261534603635
269,85,210,5,136,369,55,256,21,392,41,474,217,191,231,157,0,288,202,403,386,96,164,399,426,169,88,151,470,109,296,417,252,206,108,262,454,332,69,65
-0.0874993096838586,1.37515019424404,0.361953943980595
0.819137513530502,0.584734865287409,0.807878193086661
155,264,285,96,66,374,76,450,169,123,446,467,168,273,84,160,71,68,314,114,303,229,284,47,419,318,34,225,137,105,24,124,256,8,497,469,140,138,166,384
0.0281305850840511,1.43110214773105,0.462826595961154
0.947766258536135,0.574307592660312,0.745402408564195
355,213,214,484,324,455,46,339,336,89,254,437,291,485,34,62,301,167,142,282,283,200,371,185,242,388,258,383,288,490,32,21,36,8,106,105,428,457,211,295
-0.0638473285664699,1.18207664359571,0.426990808441889
0.870382081584377,0.620716281917646,0.767597412812501
184,435,46,171,213,60,88,417,53,256,355,335,391,160,163,95,294,490,91,264,13,387,166,423,420,18,474,309,114,142,186,307,341,261,203,322,386,337,332,359
0.0427726415569725,1.44748511086843,0.351066281191657
0.916042663981779,0.571254444156519,0.814621500226896
172,70,4,88,38,460,225,163,48,265,224,118,136,333,418,73,64,452,307,34,59,144,447,29,124,466,159,293,301,249,189,449,347,55,383,321,45,31,348,281
-0.0498020574101525,1.26410689467095,0.50304889036184
0.900812676384569,0.605429026722359,0.720490607906265
184,435,46,171,213,60,88,417,53,256,355,335,391,160,163,95,149,490,91,264,13,387,166,423,420,18,474,309,114,142,186,307,341,261,203,322,386,337,332,359
0.0490321503594068,1.43172707541085,0.359719421369287
0.902480763047639,0.574191130394325,0.809262151478094
84,360,315,459,461,479,122,470,397,323,125,83,326,414,79,56,139,65,431,261,191,210,272,268,35,278,369,497,207,399,495,305,387,231,92,120,218,223,190,392
0.022581855012924,1.63358602951114,0.360578368034527
0.9597881806885,0.536572455523338,0.808730160242411
494,70,105,112,38,460,225,330,48,265,224,118,282,222,418,73,64,452,335,34,59,144,447,29,412,431,351,293,301,249,189,130,347,55,383,344,44,364,348,281
-0.0307051759108903,1.40546545695474,0.45334157387088
0.94218812982962,0.57908527685758,0.751276985911651
26,388,390,140,86,400,339,259,497,85,347,74,433,366,280,13,284,221,382,487,357,318,8,393,293,314,471,190,37,41,427,288,4,377,263,321,111,174,481,100
-0.0375506788618658,1.90583801068489,0.289841021248579
0.927356609370796,0.48583525236876,0.852541551622718
125,52,449,317,82,41,182,263,151,85,20,128,24,439,361,103,357,217,143,320,230,232,94,301,12,477,201,191,276,282,63,457,383,160,161,6,433,284,328,286
0.0537254051210609,1.39831643764375,0.353937693035123
0.892312320419764,0.580417576602742,0.812843082547917
491,85,210,5,136,369,112,256,211,65,41,474,217,191,231,157,83,288,202,110,386,238,164,265,426,169,88,151,470,109,296,417,252,206,108,262,454,332,295,4
-0.0835054540770998,1.37801184189222,0.351019948227442
0.827790632456232,0.58420156522672,0.814650196689532
269,85,210,5,89,369,55,256,466,392,41,474,217,191,231,157,0,288,202,403,386,96,164,399,426,169,88,151,470,109,296,417,252,206,177,262,454,332,360,65
-0.0805544145063419,1.42598714381817,0.347259765406066
0.834184377967986,0.575260830875679,0.816979077383168
355,213,98,241,324,455,46,339,218,89,254,437,458,123,90,62,263,246,142,261,166,200,156,41,242,388,436,383,288,373,217,21,36,8,18,105,31,245,231,295
-0.0805314655336257,1.11650288507037,0.433988089397029
0.834234099392516,0.632936685580333,0.763263625521168
355,213,166,484,324,455,46,339,336,89,254,437,291,123,34,62,263,246,142,282,283,200,371,185,242,388,258,383,288,182,217,21,36,8,106,105,137,457,116,295
-0.0895406759422817,1.09081094232399,0.439493031687266
0.814714673361915,0.637724666600485,0.759854122731455
150,190,213,65,114,233,74,317,357,43,433,181,26,288,46,33,39,385,261,149,102,24,243,62,172,346,25,262,141,321,454,379,479,303,365,191,205,7,242,338
0.0626956386659586,1.16281609152666,0.491133131547278
0.872877341968309,0.624305701318686,0.727870669454203
184,313,46,171,288,60,88,417,427,256,355,335,273,269,265,95,149,346,91,264,38,387,166,423,111,18,474,309,291,142,74,215,341,10,203,322,308,337,332,258
-0.0453512680294334,1.47944058097264,0.328782474179286
0.910455791613764,0.565299184725211,0.828423044033967
482,370,455,94,128,156,102,328,226,254,104,439,351,210,486,183,479,62,45,220,206,313,126,56,428,172,10,48,165,457,383,217,308,386,343,273,8,291,360,289
-0.0885542309526747,1.19253375841699,0.413813334964194
0.816851912824031,0.618767481557,0.775758921183488
457,497,24,65,400,101,462,4,95,371,56,124,111,97,73,122,472,356,335,423,96,373,86,477,273,79,154,32,142,293,44,127,128,274,302,379,419,212,176,30
-0.0651835388402499,1.26825316473278,0.381143929089503
0.867487037910481,0.604656322900136,0.795992817307262
457,497,24,65,400,101,462,4,95,371,56,124,111,97,10,122,428,356,335,423,96,373,86,77,273,79,154,32,142,293,44,127,128,274,302,379,419,104,488,30
-0.0607300264888831,1.30837527628087,0.385139362682965
0.877136052749268,0.597179118452147,0.793518233330754
430,52,298,317,82,315,182,263,29,85,20,128,111,439,117,103,357,2,143,152,230,232,94,4,12,65,386,191,276,282,329,457,383,160,61,215,433,284,328,238
-0.0527110423625586,1.57468692361607,0.309645498867271
0.894510046739238,0.547548962979914,0.840275588034055
172,70,105,112,38,460,225,330,48,265,224,118,282,222,418,73,64,452,335,34,59,144,447,29,412,431,351,293,301,249,189,130,347,55,383,344,44,364,348,281
-0.0361167516095332,1.31182186538525,0.448164716173075
0.930463367417903,0.59653680800568,0.754483288508849
430,52,298,317,82,315,182,263,29,85,20,128,111,439,361,103,357,2,143,152,230,232,94,4,12,65,386,191,276,282,329,457,383,160,61,215,433,284,328,238
-0.0444783921166916,1.56522917370041,0.314037920216343
0.912346971421962,0.54931152050764,0.837555128480861
355,213,166,484,324,455,46,339,336,89,254,437,291,123,34,62,301,246,142,282,283,200,371,185,242,388,258,383,288,182,217,21,36,8,106,105,428,457,116,295
-0.0805314655336257,1.02983540818661,0.458516154900716
0.834234099392516,0.649088139694967,0.7480720933757
355,213,166,484,324,455,46,339,336,89,254,437,291,123,34,62,263,246,142,282,283,200,371,185,242,388,258,383,288,182,217,21,36,8,106,105,428,457,116,295
-0.0899654277977767,1.07898643645572,0.435110786913881
0.813794402655757,0.639928295583659,0.762568279391473
150,190,213,65,114,233,74,317,357,43,433,181,26,288,46,33,39,385,261,149,102,24,243,62,172,346,25,262,141,321,454,379,479,331,365,191,205,7,242,338
0.0671799435986941,1.15075892219882,0.488245211403034
0.86316161168088,0.626552689741023,0.729659311599594
355,213,98,241,324,455,46,339,218,89,254,464,458,123,90,62,263,246,142,261,166,200,156,41,242,388,436,383,288,373,217,21,36,8,18,105,31,245,231,295
-0.0800620029564997,1.12170884726085,0.427897868524881
0.835251240699322,0.631966496272124,0.767035622384855
482,370,455,94,306,156,102,328,344,254,100,439,351,210,486,183,362,62,45,220,463,313,126,107,428,172,10,48,165,457,83,217,302,386,343,273,8,291,360,289
-0.086619154405514,1.21874784588847,0.392077839436241
0.821044464869387,0.613882193024596,0.789220866601114
141,177,20,477,294,455,145,90,257,400,243,275,57,210,341,41,178,317,466,39,121,255,47,425,452,36,35,189,364,282,25,302,11,434,323,412,130,94,422,180
0.0703401446405927,1.29666241422236,0.380287857042973
0.856314695282979,0.599361941362093,0.796523028139084
482,370,455,94,306,156,102,328,344,254,100,439,351,210,486,183,449,62,45,220,463,313,126,107,428,172,10,48,165,457,83,217,302,386,343,273,8,291,360,289
-0.0733871839468128,1.23807692699489,0.392045261557259
0.849712955990382,0.610280002470611,0.789241043809778
355,213,98,241,324,455,46,339,218,89,254,437,458,123,90,62,263,246,142,261,166,200,156,41,242,388,436,383,288,373,217,21,36,8,18,105,137,457,231,295
-0.0950810270536895,1.10410511490189,0.427028658678604
0.802710905129486,0.635247148780601,0.767573970153002
141,177,20,477,294,455,382,90,257,174,243,84,57,322,341,41,178,317,466,39,121,255,47,425,333,306,113,189,364,282,25,302,11,434,323,412,130,94,422,180
0.0556342622876515,1.31254462241463,0.391406576291275
0.88817657549028,0.596402114145701,0.789636615476347
355,213,214,484,324,455,46,339,336,89,254,437,291,485,34,328,301,167,142,282,283,200,371,185,242,388,369,383,288,490,32,21,36,8,106,105,428,457,211,295
-0.049958439677581,1.22920525745483,0.441264523656014
0.900473857335717,0.611933337362183,0.758756943780076
141,177,20,477,294,455,382,90,257,174,243,84,57,322,341,41,178,317,466,39,121,255,47,425,333,147,113,189,364,282,25,302,11,434,323,412,130,94,422,180
0.0529780273798953,1.32989495867695,0.40015529524899
0.89393159490375,0.593168684835302,0.784218069718721
207,497,24,65,400,101,462,4,95,371,56,124,111,97,73,122,472,356,335,423,96,453,86,477,273,79,154,32,142,293,44,127,128,274,302,379,419,212,176,30
-0.0555281220628559,1.27007386496589,0.395808653167418
0.888406539734958,0.604317015038306,0.786910175743027
141,177,20,477,294,455,382,90,257,400,243,84,57,210,341,41,178,317,466,39,121,255,47,425,452,36,35,189,364,282,25,302,11,434,323,412,130,94,422,180
0.0582645827085028,1.32670239598967,0.368147678033794
0.882477702607673,0.593763654616421,0.804042085018721
355,213,214,484,324,455,46,339,336,89,254,437,291,485,34,62,301,167,142,282,283,200,371,185,242,388,369,383,288,490,32,21,36,8,106,105,428,457,211,295
-0.0534198450081452,1.19397916381665,0.429355936736369
0.892974349360305,0.618498114086882,0.766132563393033
207,497,24,65,400,101,462,4,95,371,56,124,111,97,73,122,472,356,335,423,96,373,86,477,273,79,154,32,142,293,44,127,128,274,302,379,419,212,176,30
-0.0604887031594987,1.28611975601961,0.389055417090394
0.877658905770089,0.601326683689095,0.791092813095109
457,497,24,65,400,485,462,4,95,371,56,124,111,97,10,122,428,356,335,423,96,373,86,77,273,79,154,32,142,293,44,127,128,274,302,379,419,104,488,30
-0.056576340092206,1.37659684905815,0.381991568399647
0.886135462319762,0.584465264974928,0.795467829316428
482,370,455,94,306,156,102,328,344,254,100,439,351,210,486,183,362,62,45,220,463,313,126,107,428,172,10,57,165,457,83,217,302,386,31,273,8,291,360,289
-0.0764573863490091,1.21837672648841,0.397381629445803
0.843061031352118,0.613951355277573,0.785935948089666
355,213,214,484,324,455,46,339,336,89,254,437,291,485,34,62,301,167,142,282,283,200,371,185,242,388,258,383,288,182,32,21,36,8,106,105,428,457,211,295
-0.0721114337931919,1.14621320092885,0.423912653093174
0.852477006293082,0.627399835765688,0.76950387771173
155,264,285,96,66,374,76,450,169,123,446,467,398,273,84,185,71,68,314,114,303,229,284,47,419,318,34,225,137,105,24,124,256,8,497,469,140,138,166,384
-0.024148784309912,1.44825390174243,0.490211734055667
0.956393259366832,0.571111171374483,0.728441339799585
382,111,376,479,302,153,88,396,136,321,293,83,0,24,203,248,300,34,74,35,423,216,145,33,421,106,359,143,465,148,496,159,201,168,52,174,18,455,306,48
-0.025594554992289,1.5799169347936,0.464177226112575
0.953260841251171,0.546574291873864,0.744565891662409
469,397,49,216,383,206,173,174,24,165,32,458,465,50,305,92,355,335,408,125,368,197,295,130,272,198,131,124,415,442,228,146,337,290,410,11,35,443,217,451
0.0186957251648892,1.80570677791703,0.378636469852989
0.968207900139291,0.504495828050003,0.797545819829586
273,350,133,226,83,223,189,393,478,288,78,25,355,258,122,23,81,31,163,301,422,308,431,432,433,448,459,409,375,69,338,364,67,112,160,85,207,282,269,285
0.0274133185217141,1.47692964661066,0.330614432269214
0.949320293903575,0.565767125440582,0.8272884152061
469,397,49,216,383,206,173,174,24,165,32,458,465,50,305,92,355,335,487,125,368,197,295,130,272,198,131,124,415,442,228,146,337,290,410,11,35,443,217,451
-0.018474161800478,1.87225813362735,0.369071079082408
0.968687941064804,0.492093238212715,0.8034701737642
355,213,166,484,324,455,46,339,336,89,254,437,291,123,34,62,301,246,142,282,283,200,371,185,242,388,258,383,288,182,217,21,36,8,106,105,428,457,211,295
-0.0843499740691154,1.04859460937065,0.449843757066558
0.82596088880859,0.645592152641397,0.75344336941278
414,337,139,322,64,434,381,194,148,76,362,453,74,62,205,184,390,255,163,35,202,380,378,104,401,374,227,277,231,32,98,112,114,295,396,28,211,217,335,321
0.0331192199107301,1.37660328635256,0.37623768618319
0.936957843139433,0.584464065313082,0.799031513808359
125,52,449,317,281,41,182,263,151,85,20,128,24,439,361,103,357,217,143,320,230,232,94,301,12,477,201,191,276,282,63,457,383,160,161,6,433,284,328,286
0.0472279668399912,1.45829761617426,0.335610724244136
0.906389721231036,0.569239412802306,0.824193946539838
155,236,285,382,214,362,105,490,372,123,205,497,210,242,84,277,317,196,387,233,192,406,97,47,82,249,331,349,219,466,453,305,107,8,485,469,164,248,150,258
-0.0329047773549777,1.42904038826569,0.429018776908493
0.937422456064978,0.574691824607491,0.766341384360287
273,350,133,226,83,223,189,393,204,288,78,25,428,258,122,23,81,31,163,301,422,308,431,432,433,448,459,409,375,69,338,364,67,112,109,85,207,282,269,285
0.0261817129794195,1.44816056957489,0.372377913465238
0.951988700144659,0.571128564868279,0.801422075808046
414,337,139,322,64,434,381,194,148,76,362,453,74,62,205,184,390,255,163,35,202,380,378,104,401,374,227,277,231,32,98,112,114,295,396,28,91,217,335,321
0.0331192199107301,1.3493044545259,0.387135376457402
0.936957843139433,0.589551508094216,0.792281996114549
26,388,390,140,86,400,339,259,497,85,401,74,433,366,280,13,284,221,382,487,357,318,8,393,293,314,471,272,37,41,427,288,4,377,263,321,111,174,481,100
-0.0503732530611325,1.85723746411545,0.288921083403795
0.89957511940093,0.494892508055518,0.853111317931389
26,388,390,140,86,400,339,259,497,85,347,74,433,366,280,13,284,221,382,487,357,318,8,393,293,314,471,190,37,41,427,401,4,377,263,321,111,174,481,100
-0.0375506788618658,1.90547170071069,0.297824464946681
0.927356609370796,0.485903518331411,0.847596981430135
253,397,49,216,252,206,173,174,24,165,32,458,465,50,305,92,355,335,487,125,368,197,295,130,272,198,131,124,415,442,228,146,337,290,410,231,35,204,217,451
0.0183882922643191,1.85305055653583,0.376219638009371
0.968873986676274,0.49567278513391,0.799042691999835
30,146,42,475,3,89,381,16,493,402,303,191,79,355,98,295,323,73,112,133,202,255,400,108,296,181,415,375,194,232,48,350,240,298,199,41,421,347,342,377
0.0167109024217696,2.01170762294666,0.398843293120981
0.972508232683523,0.466105265457135,0.785030662236446
273,350,133,226,83,223,481,393,478,288,78,25,355,258,122,23,48,31,163,301,422,308,431,432,433,448,459,409,375,69,338,364,67,112,160,85,207,282,269,285
-0.0370625060802922,1.51928253910825,0.324907100459155
0.928414288353509,0.557874190000516,0.830823268561915
273,27,133,226,83,223,481,393,478,288,78,25,355,258,122,204,48,31,163,301,422,308,431,432,433,448,459,409,181,69,338,364,67,112,160,85,207,282,269,285
-0.0309887717955486,1.66390374237055,0.329674775750498
0.94157368875853,0.530922410480881,0.827870394335584
273,27,133,226,83,415,481,393,478,288,78,25,355,258,122,204,48,397,163,301,422,308,431,432,433,448,459,294,181,69,358,364,471,112,160,85,207,282,269,285
-0.0329813168188857,1.70113717489761,0.315417639915494
0.937256625061327,0.523983543692388,0.836700594879007
273,27,383,226,83,415,481,393,478,288,43,25,355,258,122,204,104,397,163,301,422,308,431,432,433,448,459,294,181,69,358,364,471,112,160,85,207,282,269,285
0.0201731105232698,1.67900975564666,0.322909320300192
0.965006985418296,0.528107235872632,0.83206059979376
273,27,383,480,83,415,481,393,478,288,43,25,355,258,122,204,104,397,163,301,422,308,431,432,433,448,459,294,181,69,358,364,471,112,160,85,207,282,269,285
0.0273086864661852,1.66081008551248,0.335628908926493
0.949546990536874,0.531498948053984,0.824182683801383
265,129,249,17,346,212,472,419,45,463,254,164,264,101,390,84,10,206,21,131
-0.0622805300668896,1.04890269480844,0.754784138003232
0.873776719519355,0.64553473747263,0.564577614844634
203,230,187,313,330,141,37,215,104,285,283,411,185,8,392,106,254,383,425,85
-0.0642101051014875,1.14550189569084,0.751731531087493
0.869596087094326,0.627532395456201,0.566468256244012
265,62,249,17,346,212,472,419,345,463,254,164,292,101,390,84,10,206,21,131
-0.0900583078446674,0.955519118041574,0.744697127702786
0.813593168016675,0.662937811952731,0.570825035425269
197,105,249,302,44,328,472,41,45,271,496,164,264,13,390,84,10,206,21,123
0.0644929600062629,0.936703381175341,0.7559322134633
0.86898325143607,0.666444335063304,0.563866550808442
265,129,249,302,346,212,472,419,45,463,254,164,264,101,390,84,10,206,21,131
-0.06548932873375,1.08618941796205,0.742115967776918
0.866824511125521,0.638585939379566,0.572423684694227
179,129,249,302,346,20,472,149,45,463,254,164,264,101,390,84,10,206,21,123
-0.0517420166599873,1.16907638098169,0.747720644170405
0.89660954543725,0.623139026326949,0.568952411283619
385,145,278,57,212,65,324,214,455,307,149,416,479,161,414,83,246,237,431,334
0.0732631463870733,1.08157021161805,0.725170571442156
0.849981696741516,0.639446780170064,0.582918867573551
385,35,278,57,212,65,324,214,455,381,149,416,230,161,197,83,120,237,431,362
0.0414702871098224,1.24181204426208,0.633540744282567
0.918864355355792,0.609583921572413,0.639670080365662
179,129,249,302,346,20,472,41,45,271,496,164,264,101,390,84,10,206,21,123
0.0483860031949475,1.15598735001481,0.751970476203662
0.903880710569059,0.625578313712113,0.56632026485787
197,129,249,302,346,20,472,41,45,271,496,164,264,101,390,84,10,206,21,123
0.0483860031949475,1.19912161412147,0.709491098680877
0.903880710569059,0.617539760929255,0.592629996828369
197,129,249,302,346,125,472,41,45,271,496,164,264,13,390,84,10,206,21,123
-0.0459431591214725,1.19500478104976,0.734638631404898
0.909173395724983,0.618306978838974,0.577054795771492
197,105,249,302,44,328,472,392,45,271,496,164,264,243,390,400,10,206,21,123
-0.055117471048078,1.11357198655716,0.769560934761102
0.889296259448868,0.633482891314627,0.555425560724407
385,35,278,57,212,138,324,214,455,381,149,416,230,161,197,83,120,237,431,362
0.0405718145132365,1.25950794075527,0.631713119739134
0.920810993140246,0.606286093246218,0.640802025198296
385,35,132,57,212,138,324,214,455,308,149,92,113,161,197,83,120,264,188,362
-0.0440939572237739,1.20701647799543,0.797349022425934
0.913179891080346,0.616068464703884,0.538214923914996
385,35,132,57,212,138,324,214,455,381,149,92,113,161,197,83,120,264,188,362
0.0361107658691456,1.27022896645276,0.762916659875261
0.930476336170039,0.604288110140663,0.559540712630553
385,35,132,57,212,138,324,214,455,381,149,416,230,161,197,83,120,237,431,362
-0.0321023318103336,1.27478973897896,0.659481738234751
0.939161040884489,0.603438159145978,0.623603446678192
114,396,277,165,220,216,100,325,490,151,35,308,23,213,310,485,245,25,222,219
-0.058560467076333,1.14401687018236,0.767287700486621
0.881836637212428,0.627809146576941,0.556833495302442
114,396,277,165,220,216,100,325,490,151,35,308,23,213,310,15,245,25,222,219
-0.0654029236851448,1.11796413885045,0.744586230492823
0.867011716982462,0.632664364587183,0.570893719950338
114,396,389,165,275,216,100,325,490,151,35,116,23,213,421,15,408,25,222,219
-0.0515501735421406,1.19708221604915,0.703126199881289
0.897025194243131,0.617919825580621,0.596572116303795
443,309,57,40,240,51,478,88,9,292,210,472,357,217,380,238,248,193,141,25
-0.0715364088254498,1.11345163220653,0.724405779197339
0.853722859904493,0.633505320694616,0.583392543981908
443,309,57,40,240,51,478,88,9,292,210,116,357,217,380,238,248,193,141,25
0.0552582471303378,1.17143559790925,0.696573813435338
0.888991252883375,0.62269935985318,0.600630356824566
338,17,18,161,277,121,116,34,182,83,139,66,425,351,130,475,12,202,317,22
0.0738630070964645,1.13177728724224,0.629384049598641
0.848682033817186,0.63009012981711,0.642244541890166
95,386,93,351,301,109,438,206,234,304,242,265,406,27,57,297,12,194,97,273
0.0591846810391438,1.15281784009252,0.751524006034936
0.880484210337965,0.62616898735252,0.56659678751797
95,205,93,436,301,109,438,364,189,304,242,265,406,27,89,456,12,163,437,273
0.0304731964453062,1.36708130920279,0.654826821724321
0.942690738361744,0.586238592304578,0.626486483409811
95,205,93,436,301,109,438,364,189,304,242,265,396,27,89,456,12,163,437,273
0.0367108106522327,1.27373868324763,0.669121674811425
0.929176274430193,0.603634035142683,0.617632922571315
95,317,93,436,301,109,438,364,189,304,242,265,396,27,89,456,12,163,437,273
0.0465241954656175,1.21350229959936,0.670982967894575
0.907914517818243,0.614859759272525,0.616480125025966
96,285,166,390,72,406,280,182,435,144,203,283,384,114,372,130,97,62,235,187
-0.0795875567197107,1.11231021902672,0.627311855182754
0.836279179642295,0.633718035812933,0.643527961818895
