2000
97,32,206,212,332,85,55,9,202,33,386,231,133,95,393,94,41,122,83,115
0.0246987986402206,0.0599936813201432,0.444124764114689
0.95520159399892,0.829828997894297,0.756985445132325
104
97,32,206,212,332,444,55,106,202,33,386,231,24,95,393,163,41,122,83,115
-0.0185392722204177,0.0304008004720398,0.511915156556555
0.968546872317579,0.835343962380675,0.71499925890905
97,96,206,212,332,85,55,321,202,33,386,231,133,95,393,94,41,122,83,115
0.0226337453759765,0.15744386250095,0.442501075214854
0.959675754620358,0.811668066176905,0.757991081802383
97,32,206,212,332,85,55,321,202,33,386,231,133,95,393,94,41,346,83,115
0.0305467518565949,0.203534300387772,0.42830277473219
0.942531372629934,0.803078597330929,0.76678484249097
97,359,206,212,332,144,277,106,202,33,386,231,351,95,39,347,41,130,287,115
0.01880246586972,0.613731158840857,0.432357055039546
0.967976634889853,0.726633822710825,0.764273811622813
184,359,206,212,332,144,55,106,202,33,386,231,351,95,39,347,41,130,287,115
0.01880246586972,0.628533100418904,0.431478138320755
0.967976634889853,0.723875315266031,0.764818171372043
97,32,206,212,332,35,55,321,202,33,386,231,133,95,393,94,41,122,83,115
0.0185270322324655,0.1116394515739,0.474531080715999
0.96857339157161,0.820204230698324,0.738153200249228
97,32,206,212,332,85,55,321,202,33,386,231,133,95,255,94,41,122,83,115
0.0423268709045496,0.0447767398754313,0.443670678132857
0.917008474178444,0.832664845208036,0.75726668466949
97,32,206,212,332,94,55,106,202,33,386,231,24,95,393,163,311,122,83,115
0.0172049270079061,0.163074667764253,0.515389976371903
0.971437875135083,0.810618702608139,0.71284711866315
18,32,206,212,332,85,55,9,202,33,386,231,133,95,393,94,41,122,83,115
0.0379838227948101,0.161804165675823,0.42069928135891
0.926418156323725,0.810855474889065,0.771494089291565
97,32,206,212,332,417,55,9,202,33,386,231,133,95,393,94,41,122,83,115
0.023450359189534,0.063466886250921,0.454740822743188
0.957906472718141,0.829181727290753,0.750410356856865
97,32,206,212,332,85,55,9,202,33,386,231,133,95,393,94,41,24,83,115
0.0379838227948101,0.0544420139130105,0.447926063095727
0.926418156323725,0.830863613238023,0.754631099019857
97,32,206,212,332,85,55,321,202,128,386,231,133,95,393,94,41,122,83,115
0.0203589814264079,0.222567746555682,0.436709200002458
0.964604276059709,0.79953150165585,0.761578297372173
97,32,206,212,332,85,55,321,202,33,386,231,133,95,393,94,41,341,83,115
-0.0426069770467466,0.117132154230565,0.427197758428273
0.91640159401078,0.819180604095655,0.767469237707531
97,32,206,85,332,94,55,106,202,33,386,231,434,95,393,347,41,130,83,115
0.022922727543457,0.359774995448988,0.409285672437943
0.959049643586601,0.773961395494023,0.778563142772061
97,32,206,212,166,85,55,9,202,33,386,231,133,95,393,94,41,122,83,115
-0.0268363677277501,-0.0256113181823835,0.512810368797859
0.950570320025204,0.84578244745996,0.714444806478273
97,32,206,212,332,85,55,9,202,33,386,231,133,95,323,94,41,122,83,115
0.0423268709045496,-0.00672713019724367,0.461374109026799
0.917008474178444,0.842263167717419,0.746302010775009
97,32,206,212,332,36,55,106,202,33,386,231,24,95,393,94,41,122,83,115
-0.0205113325288827,-0.0136230766780423,0.500385619254549
0.964274190964507,0.843548304508825,0.722140112985759
97,359,206,212,332,144,55,106,202,125,386,231,351,95,39,347,41,130,287,115
0.0172529240716178,0.651284831536726,0.429740917694069
0.971333884319872,0.719635275583431,0.765894124263237
97,32,206,212,332,85,55,9,202,33,386,231,133,95,393,94,41,301,83,115
0.0379838227948101,0.028351366581821,0.45343577535905
0.926418156323725,0.835725897319006,0.751218641932772
97,359,206,212,332,144,55,106,414,33,386,231,351,95,39,347,41,130,287,115
0.0155041768571452,0.544625183265659,0.437533311980105
0.975122733769577,0.739512494545784,0.761067881106446
97,32,206,212,332,94,55,106,202,36,386,231,24,95,393,163,41,122,83,115
0.0197617525683095,0.0308071964113606,0.491853127198218
0.965898236794358,0.835268225949867,0.727424737952829
97,32,206,212,332,94,55,106,202,33,386,231,166,95,393,347,41,130,83,115
-0.0490802773812155,0.267530175239617,0.411103012085168
0.902376490664194,0.791152249947103,0.777437567921248
97,32,206,212,332,282,55,9,202,33,386,231,133,95,393,94,41,122,83,115
0.0185270322324655,0.12230887274261,0.453333340759876
0.96857339157161,0.818215864674156,0.75128208511405
97,32,206,212,332,94,55,106,202,33,386,231,351,95,39,36,41,130,83,115
-0.0534688240404697,-0.0809701545681849,0.492021226599068
0.892868231004185,0.856099186078347,0.727320625076448
97,32,206,212,332,85,55,9,96,33,386,231,133,95,393,94,41,122,83,115
-0.0285457694371518,0.0280218474396798,0.467309163121117
0.946866716855809,0.835787306898418,0.742626116928209
117,359,206,212,332,144,55,106,202,33,386,231,351,95,39,347,41,130,287,115
-0.0149089767158883,0.663254763447508,0.435868774735835
0.976412299070384,0.717404544829937,0.762098817323159
97,303,206,212,332,85,55,321,202,33,386,231,133,95,393,94,41,122,83,115
-0.0190043673202612,0.256006815421681,0.439653070645759
0.967539193621356,0.793299756994013,0.759755002114621
97,32,206,212,332,85,55,321,202,33,386,84,133,95,393,94,41,122,83,115
-0.0206521837357305,0.0146484955328735,0.487929521553509
0.963969021633492,0.838279580672251,0.729854835070303
97,32,206,212,332,85,55,321,202,33,386,231,133,95,393,414,41,122,83,115
0.0282830280309017,0.184350464869293,0.434245419495433
0.947435974450187,0.806653719744323,0.76310424734023
97,32,206,212,332,85,55,321,202,33,386,231,133,95,436,94,41,122,83,115
0.0409834414956586,0.0936982993597707,0.435280182036614
0.919919158887172,0.823547765172495,0.762463364005793
97,32,206,212,332,85,55,321,202,33,386,231,133,95,96,94,41,122,83,115
0.0487474166509381,0.00936295426767693,0.446624320658668
0.903097669336733,0.839264600431512,0.755437337166715
97,32,206,212,332,171,55,106,202,33,386,231,24,95,393,94,41,122,83,115
-0.0189755846190108,0.111012429697188,0.470360743806157
0.967601554447948,0.82032108324134,0.740736111127943
97,32,206,212,332,85,55,9,202,33,386,231,133,95,284,94,41,122,83,115
0.0390071569106784,0.00984212479066038,0.458420988547432
0.92420099259092,0.839175301642701,0.748131034946728
97,32,206,25,332,85,55,9,202,33,386,231,133,95,393,94,41,122,83,115
0.0198549607921901,0.0536369957211326,0.481009394710091
0.965696291124432,0.831013637386125,0.734140836727332
97,359,206,212,332,144,55,106,202,33,386,231,351,95,39,347,41,130,199,115
-0.0174599971240516,0.502298911456736,0.446845147291917
0.970885238218097,0.747400468922634,0.755300567518205
97,359,206,212,332,144,45,106,202,33,386,231,351,95,39,347,41,130,287,115
-0.0151041237494773,0.617313286817625,0.445034977625636
0.975989491974706,0.725966253078827,0.756421701619462
97,32,206,212,332,88,55,9,202,33,386,231,133,95,393,94,41,122,83,115
-0.0205113325288827,0.0612164882959166,0.474622639425235
0.964274190964507,0.829601114131317,0.738096493083539
97,32,206,212,332,94,55,85,202,33,386,231,24,95,393,347,41,130,83,115
0.033458286608633,0.240665994615746,0.416618810228648
0.936223218568694,0.796158690612909,0.774021341525734
97,359,321,212,332,144,55,106,202,33,386,231,351,95,39,347,41,130,287,115
0.0214943407306269,0.582936800036217,0.415851758924242
0.962144397673967,0.73237269605878,0.774496417089535
97,32,206,212,332,94,55,106,202,33,386,231,258,95,393,347,41,130,83,115
-0.0334557530705397,0.279925293279418,0.417491136531715
0.936228707752225,0.788842281000691,0.773481063570574
97,32,206,212,332,85,55,106,202,33,386,231,9,95,393,163,41,122,83,115
-0.02783733985489,0.0502106952857344,0.465523832734855
0.948401605952811,0.8316521668121,0.743731866745662
97,32,206,212,332,85,55,321,202,254,386,231,133,95,393,94,41,122,83,115
-0.0211016007026605,0.267152594791962,0.434708709834683
0.962995311303177,0.791222616288597,0.762817307056238
97,32,206,212,332,94,55,106,202,33,386,231,434,95,393,347,41,130,83,115
0.022922727543457,0.291841224191697,0.419468678485337
0.959049643586601,0.786621613937533,0.772256266932904
97,32,206,212,57,85,55,106,202,33,386,231,24,95,393,163,41,122,83,115
0.0324926125244743,-0.0839237674234383,0.560434173854776
0.938315455623929,0.856649624884452,0.684948857631312
97,32,96,212,332,85,55,106,202,33,386,231,24,95,393,94,41,122,83,115
-0.0202300934764563,0.0953131144817216,0.468683358538098
0.964883525704373,0.823246826304956,0.741775004807357
97,32,206,212,332,128,55,321,202,33,386,231,133,95,393,94,41,122,83,115
-0.0205307928036662,0.106459899984381,0.466391090413645
0.964232028180318,0.821169498095513,0.7431947280584
97,32,206,212,332,94,55,106,373,33,386,231,434,95,393,347,41,130,83,115
-0.0224419962852791,0.334979158976013,0.423212474352315
0.960091199706279,0.778582377082819,0.769937535549431
97,32,206,212,332,94,55,106,202,33,386,231,188,95,393,347,41,130,83,115
0.0274983395315604,0.352281935554745,0.414462519985191
0.949136086715879,0.775357811051642,0.775356846461641
97,32,206,212,332,85,55,321,202,33,386,231,133,95,393,94,41,414,83,115
-0.0324872627641529,0.150764250903327,0.425886807434622
0.938327046456659,0.812912886542073,0.768281179201987
97,32,206,212,332,85,55,106,202,33,386,231,24,95,393,163,41,122,83,115
-0.0202300934764563,0.0791816423189079,0.469825639379441
0.964883525704373,0.826253106651488,0.741067529685938
152,32,206,212,332,94,55,106,202,33,386,231,434,95,393,347,41,130,83,115
0.0221465410928944,0.544432795688386,0.420970133402101
0.960731335246634,0.7395483481236,0.771326336252901
97,32,206,212,275,85,55,321,202,33,386,231,133,95,393,94,41,122,83,115
-0.0211016007026605,0.0392415063600426,0.486836051421084
0.962995311303177,0.833696397912143,0.730532079130351
23,32,206,212,332,85,55,321,202,33,386,231,133,95,393,94,41,122,83,115
0.0307507635573205,0.202922739768627,0.432732662026391
0.942089359276815,0.803192568495587,0.764041178290443
97,359,206,212,332,144,55,106,202,33,386,231,351,95,39,347,41,130,287,115
0.0166039940882683,0.504688221579223,0.433576638251404
0.972739861118555,0.746955194245252,0.763518459042552
97,32,206,212,332,94,301,106,202,33,386,231,351,95,393,347,41,130,83,115
0.0228199887362925,0.306830583912863,0.423443803002269
0.959272238293124,0.783828179024585,0.769794261444858
97,32,206,212,332,94,439,106,202,33,386,231,434,95,393,347,41,130,83,115
-0.0224419962852791,0.443451302365753,0.397888231955388
0.960091199706279,0.758367379373526,0.785622182280936
97,359,206,212,332,144,55,106,202,27,386,231,351,95,39,347,85,130,35,115
0.0172529240716178,0.743489292237369,0.41544494688663
0.971333884319872,0.70245194257642,0.774748377365229
97,32,206,212,332,85,55,321,202,33,386,231,133,95,396,94,41,122,83,115
0.0344617023652237,0.104672698660702,0.432301903286466
0.93404921010954,0.821502563060722,0.764307970029218
97,32,206,212,332,85,55,9,202,33,386,231,133,95,393,94,41,64,83,115
-0.0334557530705397,0.137167068087818,0.429331659665837
0.936228707752225,0.815446873710379,0.766147599470678
97,32,206,212,332,85,55,9,202,33,386,231,133,95,393,94,41,122,347,115
0.0383149008547015,0.250871930909637,0.413152141958266
0.925700839998845,0.794256700181496,0.776168433087409
97,32,206,212,332,85,55,9,202,33,386,231,133,95,130,94,41,122,83,115
0.0423268709045496,0.0114304138840509,0.452766611406206
0.917008474178444,0.838879306197407,0.751633090666965
97,32,206,212,332,94,55,106,202,33,386,231,351,95,393,347,41,130,83,115
-0.0245192789618924,0.282450967076294,0.422156838847104
0.95559054274395,0.788371593426695,0.770591346617773
97,32,206,212,332,85,55,321,202,33,386,231,133,95,393,94,41,122,23,115
0.0267693946729161,0.19285056479505,0.436618132514644
0.950715424371821,0.805069631008189,0.761634700298377
97,32,206,212,332,85,55,9,202,33,386,231,133,95,393,94,41,466,83,115
-0.0410875754572188,0.0804235453914122,0.440586027245308
0.919693541428177,0.8260216641172,0.759177172600498
97,255,206,212,332,94,55,106,202,33,386,231,434,95,393,347,41,130,83,115
0.0228199887362925,0.355140688628035,0.410899919293853
0.959272238293124,0.774825050427375,0.777563354060693
97,32,36,212,332,85,55,9,202,33,386,231,133,95,393,94,41,122,83,115
0.0344617023652237,0.00123199247684784,0.465332874943135
0.93404921010954,0.840779896145596,0.743850137036114
97,32,206,212,332,94,55,106,202,33,386,231,34,95,393,347,230,130,83,115
-0.0231335733138943,0.326256274178686,0.416524631648637
0.958592823484369,0.780207984272702,0.774079671316375
97,32,206,212,241,85,55,9,202,33,386,231,133,95,393,94,41,122,83,115
0.0542317429592569,-0.0928616751872215,0.500570068944904
0.891215284882702,0.858315304010212,0.722025873507729
97,32,206,212,332,163,55,9,202,33,386,231,133,95,393,94,41,122,83,115
0.0274280475290095,-0.0116838921617547,0.472203710133658
0.949288381920685,0.843186915775002,0.739594664314576
97,32,206,212,332,85,55,9,202,33,386,231,426,95,393,94,41,122,83,115
-0.0296503833315288,0.056341711580017,0.452343004013356
0.944473451716507,0.830509583320417,0.751895453197128
97,32,206,212,303,85,55,321,202,33,386,231,133,95,393,94,41,122,83,115
-0.0193484450224361,0.0749851374156275,0.480842080880896
0.966793712169405,0.827035172298537,0.734244463057513
97,32,206,212,332,94,55,106,202,33,386,231,24,95,393,347,41,130,83,115
-0.0245192789618924,0.245150236493481,0.42401515864167
0.95559054274395,0.795323001960933,0.769440390587772
97,32,206,212,332,94,55,106,202,33,386,231,491,95,393,347,41,130,83,115
-0.0330802941576195,0.393370945841363,0.399643727997056
0.937042179981849,0.767700414204263,0.78453491045576
97,32,206,212,332,85,55,106,202,439,386,231,24,95,393,94,41,122,83,115
-0.018458974856311,0.300041295880795,0.434577523756094
0.968720845217316,0.785093438820576,0.762898557553943
97,32,206,212,332,94,55,106,202,33,386,231,24,95,321,347,41,130,83,115
-0.0295674316169417,0.210699623336648,0.418429172424709
0.944653175552843,0.801743259220411,0.772900088180571
97,32,206,212,332,94,55,106,202,33,386,231,434,95,393,347,41,130,373,115
-0.0226328394718797,0.371250813959536,0.420477899364221
0.95967771735929,0.771822748301726,0.771631202904877
97,32,206,212,332,85,55,321,202,33,386,231,133,95,393,94,41,114,83,115
0.0301138762782672,0.139142967902455,0.433357387337969
0.943469244257786,0.81507864266987,0.763654252764192
97,32,206,212,332,383,55,9,202,33,386,231,133,95,393,94,41,122,83,115
-0.0205307928036662,0.0864811176642719,0.468451039739939
0.964232028180318,0.824892767740738,0.74191889216324
97,32,206,212,332,85,55,106,202,65,386,231,24,95,393,94,41,122,83,115
0.0212314186952737,0.236610390580716,0.425532796680068
0.962714046620778,0.796914497806498,0.76850043684205
97,32,206,212,332,85,55,321,202,33,386,231,133,95,393,94,41,301,83,115
-0.0296843086622899,0.0979158689340444,0.439401630728779
0.944399948828427,0.822761773888296,0.759910732193737
97,32,206,212,332,85,55,321,202,33,386,231,133,95,393,347,41,122,83,115
0.0304841388163658,0.299020097788826,0.401741407413149
0.942667030534664,0.785283750512083,0.78323570631446
97,32,206,212,332,94,55,106,202,33,386,231,417,95,393,347,41,130,83,115
-0.0352719671339354,0.268638958393646,0.404989819151318
0.932293684097752,0.790945615799216,0.781223792601383
97,32,206,212,332,85,55,106,202,33,386,231,179,95,393,94,41,122,83,115
-0.0193939730751185,0.218693397345473,0.440644809391454
0.966695070732882,0.800253529984617,0.75914076569908
97,32,206,212,332,85,55,106,202,33,386,231,133,95,393,94,41,122,83,115
-0.0193939730751185,0.113464387200438,0.454252038060665
0.966695070732882,0.819864133523536,0.750713087140085
97,34,206,212,332,85,55,106,202,33,386,231,133,95,393,94,41,122,83,115
0.0172049270079061,0.176767993425445,0.465614380551495
0.971437875135083,0.808066798144714,0.743675785679384
97,32,206,212,332,94,55,106,202,33,386,231,24,95,393,163,41,122,83,115
-0.0214198262574593,0.031131578790687,0.483060943124472
0.962305841316776,0.835207773663685,0.732870203962576
97,32,206,212,102,94,55,106,202,33,386,231,24,95,393,163,41,122,83,115
-0.0302180102398274,-0.0802570107471602,0.550435708647171
0.943243626798791,0.855966283747316,0.691141437538759
97,32,206,212,332,85,55,106,202,33,386,231,24,95,393,94,41,122,83,115
-0.0206521837357305,0.102809152272585,0.458693338274996
0.963969021633492,0.82184985578298,0.747962354312681
97,32,206,212,332,85,55,321,202,33,386,231,133,95,393,94,41,122,83,115
0.0197617525683095,0.129558183672367,0.443731029020304
0.965898236794358,0.816864874463586,0.757229306163365
97,32,206,212,332,94,55,106,202,33,386,231,24,95,393,123,41,122,83,115
-0.0205113325288827,0.048916512012862,0.490025333592028
0.964274190964507,0.831893352346735,0.728556787494997
97,32,206,212,332,85,55,9,202,33,386,231,133,95,393,94,41,122,83,36
-0.0395347804261628,-0.0919491397027738,0.498442988077692
0.923057839338265,0.858145242811536,0.723343287527411
439,32,206,212,332,85,55,9,202,33,386,231,133,95,393,94,41,122,83,115
0.0246987986402206,0.220656552331886,0.420293175323253
0.95520159399892,0.79988767408546,0.771745612302796
97,32,206,212,128,85,55,9,202,33,386,231,133,95,393,94,41,122,83,115
0.0286703478326444,-0.0510740236471179,0.490608763658502
0.946596804325684,0.850527707547544,0.728195438304693
97,32,206,212,332,85,55,106,202,33,386,366,24,95,393,163,41,122,83,115
-0.0193939730751185,-0.00186213875150374,0.497394299400056
0.966695070732882,0.84135652212291,0.723992796056916
97,32,206,212,332,85,55,106,202,33,386,105,24,95,393,163,41,122,83,115
0.0516105123412065,-0.101016128812387,0.543243240670068
0.896894463727168,0.859834977690495,0.695596114507188
97,32,206,212,332,85,55,9,202,33,386,231,133,95,393,94,41,122,83,115
0.0246987986402206,0.0599936813201432,0.444124764114689
0.95520159399892,0.829828997894297,0.756985445132325
97,32,206,212,332,85,55,106,202,33,386,231,275,95,393,163,41,122,83,115
-0.0211016007026605,0.096849903255247,0.46265413475487
0.962995311303177,0.822960428520551,0.745509222938069
97,32,206,212,332,85,55,9,123,33,386,231,133,95,393,94,41,122,83,115
-0.0268363677277501,0.0392957850781521,0.477464832195389
0.950570320025204,0.833686282465652,0.736336172326693
383,32,206,212,332,85,55,9,202,33,386,231,133,95,393,94,41,122,83,115
-0.0202300934764563,0.166019691639104,0.439993284366393
0.964883525704373,0.810069864454642,0.759544289709577
97,32,206,212,332,85,55,106,202,33,386,25,24,95,393,94,41,122,83,115
-0.0206521837357305,-0.0589311502950507,0.519846125176471
0.963969021633492,0.851991971018571,0.710087189316116
97,32,206,212,332,85,55,9,202,33,386,231,419,95,393,94,41,122,83,115
-0.0185392722204177,0.144605241657914,0.44882317486131
0.968546872317579,0.814060686833436,0.754075470112927
97,32,57,212,332,85,55,106,202,33,386,231,24,95,393,94,41,122,83,115
-0.0182147746121107,0.0853437039168459,0.484274769397239
0.969249931384373,0.825104737520077,0.732118416960092
97,32,206,212,332,85,55,9,202,33,386,10,133,95,393,94,41,122,83,115
0.0302623630689201,-0.0788464671398093,0.467078859642098
0.943147531610928,0.855703413162294,0.742768756090038
97,32,81,212,332,85,55,9,202,33,386,231,133,95,393,94,41,122,83,115
0.0233505912541127,0.106300502001772,0.437408506128032
0.958122630710612,0.821199203693214,0.761145179991409
